13
487 60 A
686 63 B
580 159 C
931 250 D
669 296 E
976 59 F
1206 210 G
820 354 I
774 191 K
589 479 L
777 481 M
705 402 N
925 420 O
0 -1 -1 0 0 0 0 0 0 0 0 0 0 
-1 0 -1 0 0 0 0 0 0 0 0 0 0 
-1 -1 0 0 -1 0 0 0 -1 0 0 0 0 
0 0 0 0 -1 0 -1 -1 -1 0 0 0 0 
0 0 -1 -1 0 0 0 -1 -1 0 0 0 0 
0 0 0 0 0 0 -1 0 -1 0 0 0 0 
0 0 0 -1 0 -1 0 0 0 0 0 0 0 
0 0 0 -1 -1 0 0 0 0 0 0 -1 0 
0 0 -1 -1 -1 -1 0 0 0 0 0 0 0 
0 0 0 0 0 0 0 0 0 0 0 -1 0 
0 0 0 0 0 0 0 0 0 0 0 -1 -1 
0 0 0 0 0 0 0 -1 0 -1 -1 0 0 
0 0 0 0 0 0 0 0 0 0 -1 0 0 
