14
521 130 A
485 257 B
615 230 C
597 372 D
737 463 E
796 329 F
953 267 G
949 365 H
858 159 I
1044 122 K
947 49 M
1068 361 N
1013 472 O
1181 256 P
0 -1 -1 0 0 0 0 0 0 0 0 0 0 0 
-1 0 0 -1 0 0 0 0 0 0 0 0 0 0 
-1 0 0 -1 0 0 0 0 0 0 0 0 0 0 
0 -1 -1 0 -1 0 0 0 0 0 0 0 0 0 
0 0 0 -1 0 -1 0 0 0 0 0 0 0 0 
0 0 0 0 -1 0 -1 0 0 0 0 0 0 0 
0 0 0 0 0 -1 0 -1 -1 0 0 -1 0 0 
0 0 0 0 0 0 -1 0 0 0 0 0 0 0 
0 0 0 0 0 0 -1 0 0 -1 -1 0 0 0 
0 0 0 0 0 0 0 0 -1 0 -1 0 0 -1 
0 0 0 0 0 0 0 0 -1 -1 0 0 0 0 
0 0 0 0 0 0 -1 0 0 0 0 0 -1 -1 
0 0 0 0 0 0 0 0 0 0 0 -1 0 0 
0 0 0 0 0 0 0 0 0 -1 0 -1 0 0 
