17
837 44 A
702 119 B
976 116 C
551 226 D
728 231 E
914 243 F
1102 239 G
647 345 H
860 340 I
1016 352 J
1196 349 K
483 473 L
643 477 M
781 479 N
806 420 O
919 419 P
1199 465 Q
0 -1 -1 0 0 0 0 0 0 0 0 0 0 0 0 0 0 
-1 0 0 -1 -1 0 0 0 0 0 0 0 0 0 0 0 0 
-1 0 0 0 0 -1 -1 0 0 0 0 0 0 0 0 0 0 
0 -1 0 0 0 0 0 0 0 0 0 0 0 0 0 0 0 
0 -1 0 0 0 0 0 -1 -1 0 0 0 0 0 0 0 0 
0 0 -1 0 0 0 0 0 0 0 0 0 0 0 0 0 0 
0 0 -1 0 0 0 0 0 0 -1 -1 0 0 0 0 0 0 
0 0 0 0 -1 0 0 0 0 0 0 -1 -1 -1 0 0 0 
0 0 0 0 -1 0 0 0 0 0 0 0 0 0 -1 -1 0 
0 0 0 0 0 0 -1 0 0 0 0 0 0 0 0 0 0 
0 0 0 0 0 0 -1 0 0 0 0 0 0 0 0 0 -1 
0 0 0 0 0 0 0 -1 0 0 0 0 0 0 0 0 0 
0 0 0 0 0 0 0 -1 0 0 0 0 0 0 0 0 0 
0 0 0 0 0 0 0 -1 0 0 0 0 0 0 0 0 0 
0 0 0 0 0 0 0 0 -1 0 0 0 0 0 0 0 0 
0 0 0 0 0 0 0 0 -1 0 0 0 0 0 0 0 0 
0 0 0 0 0 0 0 0 0 0 -1 0 0 0 0 0 0 
