14
820 55 A
690 193 B
816 184 C
941 189 D
522 305 E
684 313 F
815 311 G
939 317 H
1068 323 I
531 451 K
687 457 L
935 442 M
1079 440 N
1189 436 Q
0 -1 -1 -1 0 0 0 0 0 0 0 0 0 0 
-1 0 0 0 -1 -1 0 0 0 0 0 0 0 0 
-1 0 0 0 0 0 0 0 0 0 0 0 0 0 
-1 0 0 0 0 0 -1 -1 -1 0 0 0 0 0 
0 -1 0 0 0 0 0 0 0 0 0 0 0 0 
0 -1 0 0 0 0 0 0 0 -1 -1 0 0 0 
0 0 0 -1 0 0 0 0 0 0 -1 0 0 0 
0 0 0 -1 0 0 0 0 0 0 0 -1 -1 0 
0 0 0 -1 0 0 0 0 0 0 0 0 -1 -1 
0 0 0 0 0 -1 0 0 0 0 0 0 0 0 
0 0 0 0 0 -1 -1 0 0 0 0 0 0 0 
0 0 0 0 0 0 0 -1 0 0 0 0 0 0 
0 0 0 0 0 0 0 -1 -1 0 0 0 0 0 
0 0 0 0 0 0 0 0 -1 0 0 0 0 0 
