20
838 60 A
1098 220 B
594 231 C
697 485 D
994 489 E
837 141 F
679 250 G
741 416 H
939 418 I
1026 238 L
897 233 M
801 234 N
770 304 O
843 343 P
917 300 Q
928 183 R
756 191 S
711 333 T
845 415 U
977 337 V
0 -1 -1 0 0 -1 0 0 0 0 0 0 0 0 0 0 0 0 0 0 
-1 0 0 0 -1 0 0 0 0 -1 0 0 0 0 0 0 0 0 0 0 
-1 0 0 -1 0 0 -1 0 0 0 0 0 0 0 0 0 0 0 0 0 
0 0 -1 0 -1 0 0 -1 0 0 0 0 0 0 0 0 0 0 0 0 
0 -1 0 -1 0 0 0 0 -1 0 0 0 0 0 0 0 0 0 0 0 
-1 0 0 0 0 0 0 0 0 0 0 0 0 0 0 -1 -1 0 0 0 
0 0 -1 0 0 0 0 0 0 0 0 0 0 0 0 0 -1 -1 0 0 
0 0 0 -1 0 0 0 0 0 0 0 0 0 0 0 0 0 -1 -1 0 
0 0 0 0 -1 0 0 0 0 0 0 0 0 0 0 0 0 0 -1 -1 
0 -1 0 0 0 0 0 0 0 0 0 0 0 0 0 -1 0 0 0 -1 
0 0 0 0 0 0 0 0 0 0 0 -1 0 0 -1 -1 0 0 0 0 
0 0 0 0 0 0 0 0 0 0 -1 0 -1 0 0 0 -1 0 0 0 
0 0 0 0 0 0 0 0 0 0 0 -1 0 -1 0 0 0 -1 0 0 
0 0 0 0 0 0 0 0 0 0 0 0 -1 0 -1 0 0 0 -1 0 
0 0 0 0 0 0 0 0 0 0 -1 0 0 -1 0 0 0 0 0 -1 
0 0 0 0 0 -1 0 0 0 -1 -1 0 0 0 0 0 0 0 0 0 
0 0 0 0 0 -1 -1 0 0 0 0 -1 0 0 0 0 0 0 0 0 
0 0 0 0 0 0 -1 -1 0 0 0 0 -1 0 0 0 0 0 0 0 
0 0 0 0 0 0 0 -1 -1 0 0 0 0 -1 0 0 0 0 0 0 
0 0 0 0 0 0 0 0 -1 -1 0 0 0 0 -1 0 0 0 0 0 
